+970599909474
+970599145034
+970592107855
+970593202450
+97059230925
+970599035712
+970599065505
+970597905060
+970592801896
+970592719089
+970592275142
+970497252683
+970497252683
+970567418921
+970567578963
+970567910016
+970597240143
+970597240143
+970567081218
+970594090981
+970595018213
+970599210261
+970598260588
+970599797785
+970592814236
+970562366663
+970598215997
+970598215997
+970597370810
+970599863050
+970598765746
+970598765746
+970592318508
+970595833846
+970595402238
+970595402238
+970597239470
+970597082980
+970597082980
+970599526983
+970599343805
+970599429828
+970598149669
+970592262772
+970592892754
+970597866256
+970598616014
+970599416440
+970598195635
+970598704484
+970598048462
+970598262760
+970592303028
+970592303028
+970593278070
+970592284617
+970592509362
+970595446422
+970598110658
+970595728719
+970595282662
+970598296293
+970595296369
+970599921966
+970599607076
+970599839374
+970598297455
+970597817657
+97059853000
+970598338625
+970592272486
+970592148916
+970598860259
+972599909474
+972599145034
+972592107855
+972593202450
+97259230925
+972599035712
+972599065505
+972597905060
+972592801896
+972592719089
+972592275142
+972497252683
+972497252683
+972567418921
+972567578963
+972567910016
+972597240143
+972597240143
+972567081218
+972594090981
+972595018213
+972599210261
+972598260588
+972599797785
+972592814236
+972562366663
+972598215997
+972598215997
+972597370810
+972599863050
+972598765746
+972598765746
+972592318508
+972595833846
+972595402238
+972595402238
+972597239470
+972597082980
+972597082980
+972599526983
+972599343805
+972599429828
+972598149669
+972592262772
+972592892754
+972597866256
+972598616014
+972599416440
+972598195635
+972598704484
+972598048462
+972598262760
+972592303028
+972592303028
+972593278070
+972592284617
+972592509362
+972595446422
+972598110658
+972595728719
+972595282662
+972598296293
+972595296369
+972599921966
+972599607076
+972599839374
+972598297455
+972597817657
+97259853000
+972598338625
+972592272486
+972592148916
+972598860259

